4203100001
4203100009
4304000000
6101201000
6101209000
6101301000
6101309000
6101902000
6101908000
6102101000
6102109000
6102201000
6102209000
6102301000
6102309000
6102901000
6102909000
6103101000
6103109000
6103220000
6103230000
6103290001
6103290009
6103310000
6103320000
6103330000
6103390000
6103410000
6103420001
6103420009
6103430001
6103430009
6103490001
6103490002
6103490009
6104130000
6104192000
6104199001
6104199009
6104220000
6104230000
6104291000
6104299000
6104310000
6104320000
6104330000
6104390000
6104410000
6104420000
6104430000
6104440000
6104490000
6104510000
6104520000
6104530000
6104590000
6104610001
6104610009
6104620000
6104630000
6104690001
6104690002
6104690009
6105100000
6105201000
6105209000
6105901000
6105909000
6106100000
6106200000
6106901000
6106903000
6106905000
6106909000
6110111000
6110113000
6110119000
6110121001
6110121009
6110129001
6110129009
6110191001
6110191009
6110199001
6110199009
6110201000
6110209100
6110209900
6110301000
6110309100
6110309900
6110901000
6110909000
6112110000
6112120000
6112190000
6112200000
6113001000
6113009000
6114200000
6114300000
6114900000
6201200000
6201300000
6201400000
6201900000
6202200000
6202300000
6202400001
6202400009
6202900001
6202900009
6203110000
6203120000
6203191000
6203193000
6203199000
6203221000
6203228000
6203231000
6203238000
6203291100
6203291800
6203293000
6203299000
6203310000
6203321000
6203329000
6203331000
6203339000
6203391100
6203391900
6203399000
6203411000
6203413000
6203419000
6203421100
6203423100
6203423300
6203423500
6203425100
6203425900
6203429000
6203431100
6203431900
6203433100
6203433900
6203439000
6203491100
6203491900
6203493100
6203493900
6203495000
6203499000
6204110000
6204120000
6204130000
6204191000
6204199000
6204210000
6204221000
6204228000
6204231000
6204238000
6204291100
6204291800
6204299000
6204310000
6204321000
6204329000
6204331000
6204339000
6204391100
6204391900
6204399000
6204410000
6204420000
6204430000
6204440000
6204491000
6204499000
6204510000
6204520000
6204530000
6204591000
6204599000
6204611000
6204618500
6204621100
6204623100
6204623300
6204623900
6204625100
6204625900
6204629000
6204631100
6204631800
6204633100
6204633900
6204639000
6204691100
6204691800
6204693100
6204693900
6204695000
6204699000
6205200000
6205300000
6205901000
6205908001
6205908009
6206100000
6206200000
6206300000
6206400000
6206901000
6206909000
6210101000
6210109200
6210109800
6210200000
6210300000
6210400000
6210500000
6211200000
6211321000
6211323100
6211324100
6211324200
6211329000
6211331000
6211333100
6211334100
6211334200
6211339000
6211390000
6211421000
6211423100
6211424100
6211424200
6211429000
6211431000
6211433100
6211434100
6211434200
6211439000
6211490001
6211490009
6212101000
6212109000
6212200000
6212300000
6212900000
6107110000
6107120000
6107190000
6107210000
6107220000
6107290000
6107910000
6107990000
6108110000
6108190000
6108210000
6108220000
6108290000
6108310000
6108320000
6108390000
6108910000
6108920000
6108990000
6109100000
6109902000
6109909000
6207110000
6207190000
6207210000
6207220000
6207290000
6207910000
6207991000
6207999000
6208110000
6208190001
6208190009
6208210000
6208220000
6208290000
6208910000
6208920000
6208990000
6112311000
6112319000
6112391000
6112399000
6112411000
6112419000
6112491000
6112499000
6211110000
6211120000
6117100000
6117801009
6117808001
6117808009
6213200000
6213900000
6214100000
6214200000
6214300000
6214400000
6214900000
6215100000
6215200000
6215900000
6217100000
